719
524
939
210
820
969
731
934
733
563
841
440
722
489
307
986
402
773
64
954
422
308
576
530
434
982
397
752
477
886
820
347
604
974
262
641
68
123
65
271
687
376
559
173
358
466
397
866
157
28
235
535
295
336
301
931
336
517
184
484
489
446
945
94
955
952
618
723
10
443
325
658
11
643
771
295
4
494
885
588
98
828
17
356
550
992
570
46
580
758
363
209
654
910
414
659
277
833
55
992
183
41
13
587
192
320
893
757
395
29
208
339
353
794
180
861
789
837
334
700
428
517
915
308
66
718
403
65
124
300
155
892
958
801
69
357
766
832
362
669
48
31
184
211
950
553
961
997
823
373
214
112
832
919
178
750
73
2
675
895
-58
976
141
896
743
936
894
657
311
268
583
880
30
460
62
745
597
943
75
158
394
734
305
538
236
566
114
948
511
434
888
381
426
309
763
780
731
681
236
798
19
264
188
796
608
392
561
170
928
80
629
699
637
209
522
165
315
833
195
967
650
508
646
757
89
117
26
376
726
12
676
539
399
672
390
29
608
35
772
820
130
593
232
745
330
21
41
330
570
775
572
197
694
912
9
484
645
467
271
848
575
877
673
426
84
586
527
795
929
205
491
927
707
745
146
660
606
210
47
185
224
325
583
262
552
928
289
188
170
11
314
10
776
1
775
866
746
209
198
161
397
193
155
33
798
879
128
976
745
903
892
750
167
427
703
746
781
568
235
968
651
545
658
114
897
462
460
24
767
125
460
985
499
79
755
23
60
559
169
482
227
651
113
686
291
83
641
607
582
807
165
907
408
900
334
493
146
856
766
91
363
675
728
179
664
723
404
347
879
918
672
346
389
260
677
14
985
876
698
415
907
767
273
411
362
875
468
362
944
554
903
564
584
710
314
861
393
600
846
802
532
453
567
281
531
412
414
903
62
143
472
507
818
414
285
713
203
32
597
546
623
268
276
360
999
323
147
544
817
547
362
413
305
388
498
564
60
400
882
13
425
685
647
957
588
713
380
384
455
417
975
944
852
229
257
473
934
45
894
765
199
425
220
789
506
658
870
346
356
235
-4
889
817
744
301
50
343
555
941
83
225
274
477
770
205
359
691
389
323
269
342
28
660
807
773
698
466
399
472
205
798
607
807
110
485
958
286
476
107
253
230
388
241
205
776
927
201
528
10
144
365
17
970
484
284
189
875
899
733
352
863
838
892
418
646
396
891
729
669
136
191
885
80
981
843
490
155
245
359
196
500
33
724
613
233
310
789
632
625
427
277
323
839
931
626
446
152
249
56
823
235
4
771
28
645
884
699
270
394
11
413
460
204
165
805
966
331
332
621
74
585
766
731
211
76
981
896
358
643
656
354
591
301
187
386
102
513
420
844
679
455
562
89
834
805
542
387
900
692
658
908
343
768
719
273
511
3
892
993
941
694
248
646
948
26
757
152
125
376
682
363
576
319
88
115
63
327
859
987
647
666
382
377
76
687
944
734
401
810
925
672
597
368
83
143
406
746
543
147
86
744
434
47
886
483
886
459
688
995
972
96
761
229
87
988
641
655
190
120
810
145
456
832
745
895
381
57
745
635
484
703
861
331
53
177
903
717
907
2
459
755
55
158
185
945
109
396
242
203
98
238
87
856
715
40
959
553
374
950
958
375
86
58
555
7
567
803
947
432
751
755
430
251
663
614
226
985
379
812
432
805
579
885
830
42
885
174
88
963
317
409
276
515
910
278
896
198
218
773
109
613
560
230
415
627
149
638
239
484
511
382
963
493
529
510
105
272
700
345
420
170
636
152
546
178
325
60
268
752
394
1000
349
410
353
555
143
459
268
194
466
198
388
780
644
941
5
636
251
201
614
964
979
5
475
747
890
320
579
518
855
565
510
502
454
62
462
443
136
596
126
685
910
159
348
28
672
142
766
603
646
11
947
61
81
212
403
60
951
103
619
20
29
787
512
998
72
561
943
80
994
139
688
822
784
230
955
888
617
2
810
548
126
373
622
766
663
25
991
407
212
865
55
60
798
216
597
490
368
727
814
526
931
219
619
309
439
876
865
709
394
736
554
650
315
569
111
701
145
91
101
455
544
64
579
669
683
756
921
479
633
634
283
272
178
908
777
282
257
499
892
53
609
767
194
983
898
394
138
630
555
479
545
565
779
805
21
30
295
677
568
263
85
22
862
221
881
102
789
295
899
867
882
970
408
995
228
334
729
65
207
298
62
318
835
377
94
717
917
756
199
118
461
40
780
869
77
453
452
900
522
855
312
492
691
680
762
949
605
773
410
177
2
27
388
117
720
540
905
155
93
949
570
121
298
448
772
962
844
507
158
401
419
988
871
916
366
560
831
942
29
167
251
344
15
403
971
984
455
807
450
911
170
204
471
531
992
43
559
326
557
345
794
186
97
887
469
918
648
248
582
131
91
701
211
500
447
860
908
184
909
779
897
484
834
43
170
779
651
957
788
595
129
463
223
919
246
250
816
680
256
585
618
580
714
527
682
642
657
331
831
452
749
380
998
646
813
167
267
474
790
537
638
295
400
272
313
401
210
650
964
498
992
435
795
122
834
539
634
669
353
748
919
643
182
290
424
719
110
616
406
939
749
894
654
46
129
774
96
694
782
402
903
330
453
962
644
879
406
372
809
680
342
974
647
31
725
483
746
354
257
789
836
350
479
837
220
715
693
833
175
72
593
482
939
987
57
407
56
215
930
723
857
746
366
850
128
123
588
623
845
121
814
628
235
481
931
473
299
107
428
176
458
58
793
228
402
17
729
499
859
898
870
440
611
80
803
200
730
935
238
544
554
96
830
674
4
570
967
714
969
445
289
20
73
403
937
496
475
662
312
587
285
579
48
683
428
609
785
470
45
373
121
620
719
673
872
261
885
93
506
213
244
38
30
655
529
413
472
874
967
773
582
607
768
114
264
76
431
844
526
272
638
621
341
833
641
10
557
277
418
679
408
143
36
860
30
648
357
832
41
723
144
744
205
10
35
274
846
443
167
459
623
264
75
917
137
35
968
555
475
780
20
623
201
522
876
860
532
447
695
1
167
697
783
411
369
27
46
185
576
888
199
959
706
672
925
940
328
86
581
159
80
395
215
799
288
389
321
655
753
573
550
572
555
282
498
653
806
257
930
563
788
976
324
132
737
247
970
19
970
781
7
116
122
610
150
824
366
314
289
101
217
847
698
425
921
826
586
366
107
727
457
271
209
426
792
419
507
986
467
409
284
286
224
546
652
824
704
977
407
15
738
124
880
364
908
928
956
-5
271
641
574
535
176
44
548
788
867
146
651
284
110
263
234
566
4
172
822
111
-54
768
749
424
795
287
561
613
359
788
65
977
359
354
717
950
108
282
206
462
102
552
26
35
900
687
24
656
170
343
568
565
104
472
573
860
941
858
7
584
634
216
621
10
384
814
512
453
835
463
331
789
385
632
50
351
99
389
990
652
94
736
864
321
82
86
667
553
785
668
773
878
982
520
902
791
479
845
650
892
416
372
925
267
503
611
-29
897
593
562
559
223
355
617
641
895
900
783
268
842
239
682
814
667
959
592
228
32
316
18
644
571
290
965
770
362
58
254
820
94
608
606
60
161
515
975
793
152
40
188
580
493
694
696
34
624
535
782
789
968
557
748
441
343
517
646
528
774
634
6
648
461
618
129
775
174
777
805
305
150
592
836
894
670
299
521
570
808
248
96
360
248
13
490
418
21
869
456
460
140
43
504
683
223
125
755
520
624
705
118
398
698
24
906
164
786
952
335
546
38
512
102
656
44
252
517
471
938
272
850
746
456
487
155
492
857
920
945
577
200
896
780
604
179
886
180
42
203
179
999
424
831
833
133
695
467
302
921
682
544
367
73
84
275
255
191
499
444
232
117
280
701
929
444
234
613
24
996
31
568
868
594
771
691
754
396
974
849
157
71
683
843
363
717
157
188
643
770
199
848
935
525
919
837
436
505
979
52
381
368
840
740
1
461
566
898
337
967
906
410
614
276
252
988
922
241
181
587
583
994
558
786
866
946
283
543
144
538
786
190
807
817
303
491
887
942
56
948
745
919
278
64
813
792
86
746
312
130
86
230
292
862
341
298
3
399
493
455
462
153
386
179
31
525
81
796
702
821
643
701
346
75
239
904
843
996
338
811
672
231
451
214
197
178
655
591
291
826
148
647
486
41
672
464
477
330
301
593
892
507
172
448
242
69
999
908
543
33
854
146
79
204
762
201
528
933
751
314
743
1
451
865
7
968
157
590
773
211
47
253
163
237
436
561
870
996
21
280
482
410
781
89
358
82
594
425
967
47
693
432
357
195
56
321
667
269
147
368
447
55
315
265
229
756
505
492
518
408
508
255
839
553
135
856
146
871
7
717
741
424
133
288
894
960
993
112
29
207
477
794
288
435
594
898
867
439
610
853
517
931
129
164
690
528
144
730
888
818
185
531
936
798
696
720
565
549
3
474
263
48
439
888
833
728
36
162
791
537
382
1000
574
676
701
799
307
762
869
157
349
62
74
178
481
613
493
663
475
133
490
939
341
459
271
344
231
763
462
366
862
714
928
769
394
546
554
475
761
879
316
912
293
897
43
511
140
245
158
811
285
288
833
913
61
157
190
28
284
419
199
634
946
402
999
897
858
217
982
693
947
323
674
993
686
354
470
154
877
766
693
792
69
675
727
19
811
920
354
6
183
761
184
699
82
402
632
388
604
164
388
57
479
456
104
865
375
835
759
372
833
840
840
882
162
108
75
119
564
684
499
796
945
939
164
118
108
181
178
15
673
780
580
363
336
289
448
324
856
822
75
141
537
930
474
738
364
297
695
157
185
163
975
243
651
328
491
658
513
969
19
694
840
470
524
875
391
948
628
848
61
147
743
376
872
147
874
340
203
451
475
555
293
380
423
420
679
356
64
382
51
112
842
77
583
700
898
671
241
243
290
462
734
872
532
903
616
48
506
744
672
26
507
705
758
362
318
439
311
964
272
648
771
108
238
535
329
511
368
780
850
253
124
16
546
624
133
192
469
832
386
914
964
750
493
242
835
502
545
658
216
399
429
987
359
543
648
465
592
181
535
43
893
678
694
757
403
37
818
195
672
161
596
134
721
643
282
444
762
400
720
304
319
307
783
606
463
991
968
536
13
912
686
156
663
59
20
411
364
947
553
772
766
174
401
1
736
109
318
851
178
635
584
853
322
463
531
340
452
633
603
420
913
953
676
144
886
66
655
661
848
150
240
562
554
569
847
891
412
965
565
6
463
731
142
258
916
167
332
823
855
801
560
325
892
435
347
213
928
138
222
671
81
798
954
237
747
962
954
418
489
16
918
866
28
635
426
442
172
663
221
533
459
421
961
800
178
969
57
45
61
122
212
688
203
920
131
695
609
82
168
814
188
574
637
238
101
273
732
77
164
64
249
674
440
465
324
300
253
38
410
705
896
839
722
575
659
851
449
971
852
436
654
273
113
821
687
237
256
749
631
555
801
878
981
410
322
317
195
279
221
968
659
106
790
208
284
262
451
576
93
883
964
901
298
941
565
600
651
476
906
23
962
846
654
786
965
238
646
627
973
898
44
738
-28
718
226
191
69
205
260
662
849
128
499
926
450
593
66
602
184
695
762
434
522
809
139
359
390
90
459
998
897
147
330
366
414
289
147
598
251
599
958
959
345
126
1
867
96
24
840
646
518
129
184
419
652
132
232
379
640
302
478
914
403
833
930
629
876
826
389
520
374
432
41
915
640
645
789
764
642
826
222
876
396
202
127
279
342
230
771
571
606
561
215
47
56
683
222
111
623
243
382
693
307
900
990
556
739
860
535
677
385
760
672
231
790
192
164
326
39
951
681
418
306
834
964
992
737
450
172
791
161
878
915
321
509
390
890
439
231
291
493
16
12
168
745
142
648
284
852
710
117
339
675
166
761
468
123
984
242
890
152
444
241
438
241
376
266
79
323
240
66
842
933
107
10
233
895
58
540
405
786
613
22
438
523
533
485
545
208
939
832
57
500
437
410
61
171
634
218
845
492
329
913
355
883
433
900
927
859
996
720
585
498
922
215
20
258
979
520
928
951
695
549
290
867
410
638
364
149
399
507
550
95
883
1000
928
322
614
143
499
624
-54
411
558
744
645
463
925
372
123
581
802
344
304
240
955
32
757
730
892
639
131
233
285
503
152
519
556
253
412
243
839
456
795
452
331
727
572
827
880
408
461
512
79
713
91
985
732
640
883
855
537
26
31
959
926
978
659
818
230
239
279
272
81
984
667
207
327
167
525
777
957
342
885
415
804
332
322
604
607
643
781
189
723
48
349
930
664
207
602
577
371
404
378
571
279
591
840
540
560
137
674
401
997
635
295
862
52
869
602
87
542
898
726
709
397
295
70
768
550
215
486
875
882
992
399
637
149
242
406
209
422
445
765
508
408
996
580
383
827
241
753
950
972
929
377
471
994
341
796
725
998
170
517
767
111
929
833
802
85
857
404
531
368
333
182
458
885
437
333
113
-57
66
719
558
795
970
833
653
221
102
540
814
52
675
706
704
639
926
216
645
237
560
644
128
452
7
552
569
366
34
752
114
686
955
182
877
533
116
648
109
93
763
333
373
535
674
253
42
99
782
548
94
407
855
818
662
342
373
2
746
162
842
891
347
866
760
918
725
477
532
435
285
592
30
638
134
331
898
26
524
604
-23
983
361
35
68
927
846
516
732
990
203
439
357
71
417
110
425
354
381
511
895
245
873
387
139
850
613
623
184
923
612
501
97
703
878
417
235
350
443
416
134
182
779
152
540
349
368
789
233
843
101
164
635
708
159
403
-51
245
986
38
610
878
95
221
552
108
952
313
494
863
911
564
300
40
689
563
149
441
97
1000
232
130
614
453
782
745
369
207
694
394
903
986
823
875
726
932
569
840
361
588
64
767
612
846
633
65
964
908
269
893
711
424
407
370
542
67
676
295
297
9
554
570
921
605
880
967
523
56
227
381
613
638
587
90
930
296
694
781
517
563
759
796
315
135
255
222
847
28
939
36
343
970
148
308
316
519
445
538
15
858
506
833
403
496
902
549
550
951
804
266
451
214
292
736
217
470
243
728
278
66
487
700
448
715
9
230
970
217
708
421
766
367
416
605
713
832
307
187
841
547
310
691
579
578
726
754
198
698
828
223
250
740
816
638
592
181
105
474
483
132
274
751
570
595
230
955
996
175
647
189
483
554
689
992
587
116
562
428
791
812
482
519
35
92
371
819
308
765
19
505
90
199
98
721
803
978
23
162
748
481
114
494
831
736
132
315
542
710
982
664
80
776
880
40
60
905
115
598
660
118
511
112
353
784
373
824
202
974
435
215
242
796
121
982
575
51
101
593
246
1000
962
424
444
424
421
639
310
529
863
485
931
856
912
683
6
134
671
114
453
341
331
858
662
900
57
837
771
861
58
370
661
710
755
584
126
321
855
485
105
554
101
634
315
39
310
663
956
468
921
704
764
571
967
986
975
289
846
192
222
163
27
42
652
868
848
553
994
67
651
881
587
302
195
220
212
557
581
973
778
140
567
216
8
449
223
226
616
-35
292
808
409
522
85
-55
339
183
698
858
143
35
420
26
-31
90
801
304
73
354
169
422
24
488
587
615
761
992
733
506
615
108
737
894
170
575
474
300
640
887
970
223
259
950
923
659
56
916
916
748
932
818
172
52
825
407
686
536
537
475
339
460
484
198
188
534
928
713
599
523
121
159
61
793
822
-50
989
247
763
140
270
552
580
852
854
403
139
413
398
717
902
60
164
721
303
489
961
291
22
392
438
65
873
497
218
886
493
279
93
921
114
816
604
929
318
100
586
146
327
1000
604
192
381
239
657
250
742
822
280
285
312
889
141
767
263
493
246
271
-22
818
860
840
627
283
577
729
259
69
997
306
525
726
86
328
433
289
504
978
91
120
781
939
551
601
11
567
460
580
463
940
757
189
693
724
414
842
558
946
392
449
765
876
190
2
409
600
36
144
743
767
311
738
709
787
179
527
416
519
968
35
711
923
308
352
583
142
572
818
735
381
215
982
131
2
249
935
193
600
821
168
31
356
749
467
156
608
25
328
67
588
774
535
448
4
789
442
878
952
744
530
393
692
166
644
818
231
359
217
365
998
316
494
606
498
177
660
381
574
866
592
65
841
438
33
74
892
354
634
958
929
271
821
446
393
686
264
599
865
520
549
720
513
31
686
796
751
380
579
973
175
268
273
498
964
115
404
383
637
862
392
331
458
352
277
462
997
211
914
556
365
884
372
705
254
446
54
305
748
430
173
327
951
148
441
343
415
843
696
12
868
462
822
436
289
855
892
214
798
535
378
907
432
40
633
647
341
733
507
81
635
997
159
38
445
274
625
586
641
64
733
501
95
269
614
122
164
648
839
447
838
742
379
498
321
127
72
165
630
768
61
583
17
21
361
685
319
563
297
989
838
694
742
638
597
941
880
468
419
687
253
890
208
452
34
265
182
778
534
930
676
844
369
918
721
961
615
321
794
467
822
275
856
724
907
185
875
780
509
530
621
978
826
445
926
282
240
106
687
222
62
587
249
80
340
434
-32
675
208
248
907
245
170
304
227
938
103
575
229
802
209
770
972
132
896
143
283
310
126
14
56
301
942
254
461
949
408
350
706
2
169
-14
843
467
417
70
461
410
113
462
916
711
331
213
522
492
908
456
150
830
212
184
375
750
535
39
84
707
938
922
137
238
392
467
439
563
846
839
454
322
981
516
297
532
942
132
827
289
122
56
802
262
325
483
153
886
107
954
982
449
456
494
299
128
448
515
706
853
69
388
924
661
936
925
137
243
312
759
493
744
921
916
607
348
814
564
846
508
429
202
793
881
491
567
577
879
928
567
873
309
834
711
823
587
719
555
80
307
990
554
25
4
571
192
6
972
787
248
899
950
585
23
581
68
606
306
654
673
32
434
217
695
39
658
967
859
91
294
489
569
821
109
164
337
845
707
936
198
454
103
663
881
693
617
429
679
926
882
451
865
166
848
346
231
113
469
203
179
398
768
972
543
458
878
310
940
30
935
712
405
582
219
829
524
-50
729
136
203
153
105
201
919
989
968
839
922
476
902
562
328
886
631
457
881
278
289
202
532
364
577
298
308
160
851
129
396
421
577
841
990
330
777
227
297
713
472
755
67
613
474
619
905
919
299
42
115
734
537
448
920
991
245
908
112
679
495
806
839
588
6
995
143
216
959
149
25
421
599
163
916
496
653
582
313
826
804
576
851
376
306
567
851
98
675
871
353
679
606
671
435
372
641
231
483
39
723
514
216
923
106
211
394
830
543
772
171
113
350
824
820
38
442
699
272
523
136
775
890
604
748
500
696
963
771
662
482
522
150
615
857
239
507
699
460
525
601
832
155
332
807
916
124
114
849
720
512
599
461
778
700
786
296
907
660
297
619
231
672
174
704
222
517
24
371
392
236
187
947
592
198
451
66
81
509
181
840
867
851
90
748
830
949
42
696
668
820
765
442
601
731
130
-21
217
875
641
552
448
271
633
306
929
84
880
392
706
170
996
671
909
358
244
425
345
201
437
162
206
920
679
957
395
158
548
993
697
986
860
60
331
602
505
262
797
155
930
822
163
694
930
910
670
559
104
768
966
836
160
405
194
957
473
906
776
885
579
57
824
812
36
888
205
678
103
357
302
402
423
477
136
393
428
667
815
818
101
851
517
857
867
790
356
36
293
445
691
216
851
694
298
896
458
614
150
202
467
647
471
224
730
40
45
943
70
770
681
398
-45
662
674
457
510
488
335
823
884
583
375
991
656
951
736
246
177
853
341
847
908
511
946
757
259
906
388
341
140
221
449
700
471
616
538
176
25
232
58
865
273
524
406
137
545
176
726
356
426
979
299
903
592
857
233
572
583
211
602
646
396
320
462
405
826
416
847
302
10
961
198
503
25
271
909
902
3
744
132
694
222
350
201
197
623
353
152
670
422
954
1000
963
414
232
3
150
195
707
97
40
641
675
159
674
481
815
319
770
751
469
855
549
286
417
129
260
983
277
483
851
690
904
236
71
693
842
218
940
767
853
402
894
978
94
807
925
291
422
790
78
550
702
217
697
591
731
478
181
89
976
782
949
656
177
934
249
170
714
98
284
882
963
659
599
539
701
177
279
907
59
730
617
234
315
53
975
345
420
36
625
374
222
626
548
956
120
123
944
30
575
196
532
918
918
107
946
882
605
890
481
339
288
266
129
436
799
748
829
969
452
741
116
556
47
24
833
286
685
187
26
329
225
-48
112
824
564
817
848
567
921
328
643
687
754
338
548
991
282
732
759
887
106
396
136
996
224
60
950
791
692
710
269
412
722
569
848
531
664
911
818
429
328
494
671
342
939
356
431
504
57
590
627
378
832
925
938
186
561
465
424
567
268
163
756
902
753
507
525
823
301
570
711
953
341
137
210
477
630
882
885
199
916
59
455
367
72
957
314
946
691
466
505
549
845
422
534
51
112
987
795
357
886
407
492
389
134
262
362
722
36
502
589
789
970
957
107
305
428
237
44
882
932
539
111
636
634
279
565
747
783
176
62
156
623
810
601
372
922
571
162
286
818
522
336
207
416
585
558
896
233
609
311
592
635
570
372
556
307
969
877
1
763
828
736
214
559
743
371
701
858
227
993
196
307
573
402
721
387
61
657
702
851
228
512
624
30
736
906
349
931
103
603
882
144
492
13
101
289
973
211
811
59
371
479
128
391
392
913
300
990
723
223
728
288
963
690
316
841
859
878
148
877
713
492
225
752
471
489
153
751
67
146
460
197
567
208
888
355
974
963
906
551
307
313
460
172
902
733
835
982
764
526
67
930
316
715
478
738
329
505
128
937
643
978
831
541
528
988
996
90
627
80
735
914
685
37
149
622
677
296
902
640
559
449
489
411
614
27
199
569
889
663
861
239
733
586
363
336
694
704
353
329
163
584
774
330
45
55
267
24
942
733
709
218
-51
195
753
454
780
322
93
102
369
824
724
179
27
982
829
351
519
713
589
687
519
390
239
612
581
776
999
455
191
805
228
917
583
167
479
896
348
455
830
780
789
478
197
104
957
790
835
659
881
808
176
438
63
151
846
17
375
285
456
919
525
22
313
524
179
298
141
839
886
489
370
703
21
124
298
189
79
739
356
563
592
796
732
961
149
303
590
901
379
109
390
180
383
221
332
373
369
200
572
287
85
351
807
693
533
931
590
506
230
638
779
218
22
972
241
78
616
377
479
46
885
326
150
493
251
749
458
774
43
326
987
175
258
178
710
956
463
328
679
238
531
725
762
180
236
238
70
856
926
981
595
875
382
988
692
960
891
725
785
25
572
81
824
138
152
114
433
506
578
621
779
321
249
751
691
891
39
820
505
498
342
182
993
347
483
589
246
912
984
728
268
170
25
790
555
9
646
99
284
723
81
738
959
211
855
207
892
126
196
321
137
872
864
652
608
114
901
461
394
960
970
884
6
806
799
899
442
128
946
789
749
701
596
611
394
808
987
212
477
516
183
425
443
835
844
635
90
293
652
261
711
587
939
515
599
750
580
141
679
312
710
843
292
318
516
507
998
18
950
313
683
216
220
899
430
36
366
655
819
197
264
376
880
373
118
626
414
489
1000
775
104
391
310
227
892
509
648
616
911
905
319
478
870
68
966
376
980
325
893
633
49
551
581
496
105
727
769
649
373
800
322
334
247
840
114
157
567
163
837
204
826
269
935
439
721
619
460
952
865
876
573
872
891
902
75
274
353
894
651
594
415
575
66
165
938
412
33
691
562
237
7
195
863
435
612
625
297
533
907
976
759
458
633
101
42
562
1000
525
160
203
987
621
339
304
257
362
293
430
489
670
537
687
152
721
324
872
340
903
219
188
450
900
857
952
434
742
17
70
672
27
750
107
139
517
517
517
293
891
71
704
60
180
371
890
460
310
129
71
142
954
969
379
290
216
955
796
899
430
960
906
197
857
792
999
158
528
121
268
761
747
647
214
348
283
613
778
230
953
785
994
215
420
949
377
447
643
539
933
208
819
229
137
514
472
124
786
547
100
255
743
463
631
754
910
928
534
12
677
810
396
399
251
134
349
112
782
251
598
837
148
315
-3
967
684
974
846
236
896
25
580
405
738
122
649
187
-12
174
951
259
254
544
849
390
861
201
338
849
846
413
947
494
976
497
848
253
759
150
381
971
728
471
881
114
317
714
814
91
576
455
178
116
216
645
472
849
731
398
300
552
226
481
281
381
193
901
66
61
399
686
566
785
27
830
850
819
806
131
191
30
441
205
404
384
-15
105
294
605
372
546
111
721
101
368
7
813
869
305
844
689
24
555
782
106
24
246
399
637
403
821
781
847
850
917
681
684
447
25
989
314
780
831
792
485
679
895
88
-29
765
798
280
587
569
945
474
252
36
229
933
185
317
826
428
450
149
494
979
376
831
395
599
22
6
392
131
828
-14
950
697
974
862
637
231
153
626
181
919
77
344
80
878
700
794
747
216
129
124
518
165
824
779
298
212
166
161
255
-5
742
-3
170
456
221
53
789
841
662
591
665
163
163
857
827
938
636
14
542
194
426
955
79
692
71
372
925
65
201
802
193
866
581
33
407
757
460
-16
433
905
165
684
99
797
461
59
759
754
378
337
72
68
897
928
102
247
526
794
802
532
156
590
236
380
103
233
660
725
106
273
614
791
370
173
131
869
24
175
455
739
709
85
706
519
826
645
233
752
291
958
149
152
571
157
272
403
538
516
699
542
769
696
536
265
14
256
915
88
90
387
41
299
934
50
648
513
68
966
667
509
702
634
320
804
590
809
576
3
212
365
996
291
375
376
719
29
932
621
909
139
85
780
136
707
177
211
32
953
29
803
137
784
642
48
220
444
873
536
533
685
833
21
836
906
608
394
461
580
55
950
865
519
737
307
731
26
464
965
184
843
294
474
588
677
556
522
454
937
187
969
796
203
101
482
962
595
599
372
414
321
776
155
70
318
688
406
962
745
688
795
489
67
473
684
818
625
469
598
549
753
426
408
834
73
459
841
841
754
71
635
647
577
248
415
314
876
800
490
180
623
1000
953
242
594
710
466
197
1
831
613
332
614
24
617
789
698
783
741
58
299
129
57
720
612
235
132
907
206
794
517
254
578
824
545
998
999
275
564
648
886
760
737
963
980
890
112
83
496
861
899
398
305
607
512
198
869
722
771
88
-14
939
310
814
685
258
684
991
639
367
664
653
330
671
837
880
498
334
998
870
582
136
241
460
126
402
679
273
45
161
649
116
225
835
323
590
866
490
126
229
966
272
530
161
201
327
134
818
44
274
307
495
32
7
373
855
448
614
-33
511
323
881
167
941
805
125
667
796
893
17
499
855
371
564
980
67
874
984
544
352
832
38
267
570
866
892
525
970
200
743
587
591
125
220
645
278
217
753
346
777
51
781
378
936
610
383
754
830
929
305
223
459
623
953
434
835
764
498
585
430
652
96
395
650
956
618
639
511
153
1
949
649
270
181
571
428
612
484
986
285
861
904
153
576
390
345
870
637
898
924
658
589
316
166
676
271
440
671
523
932
640
136
103
819
566
137
923
587
691
504
747
117
926
464
808
999
211
832
992
518
56
236
693
239
251
670
702
708
74
816
217
355
894
635
411
880
398
522
958
361
912
814
712
283
223
422
832
563
889
991
400
791
604
830
714
335
804
669
167
758
170
982
579
183
601
112
277
245
955
930
830
831
844
997
490
145
915
131
137
637
341
905
340
98
222
204
222
742
378
84
935
298
736
274
605
296
661
481
727
111
456
979
802
646
364
88
492
513
111
935
470
327
365
287
611
212
295
127
164
240
131
799
471
120
773
369
916
475
136
155
677
599
780
615
707
5
577
628
385
521
298
951
395
134
453
690
619
270
221
238
415
347
819
453
909
865
236
346
458
139
624
476
183
573
696
991
377
888
515
890
474
947
493
5
820
460
983
513
466
288
841
239
581
259
944
905
118
220
413
491
432
991
589
19
760
665
446
757
244
95
801
739
820
798
356
17
628
277
862
516
119
418
196
606
846
808
869
822
164
562
660
262
574
411
412
565
563
461
817
226
970
929
45
450
711
56
615
448
70
304
297
514
656
818
80
297
294
923
540
524
474
766
944
892
355
379
849
902
655
907
998
752
97
497
618
433
944
852
998
849
674
5
214
188
684
745
119
67
78
433
80
717
291
719
225
596
22
8
660
935
405
884
120
146
667
640
754
864
984
597
315
792
256
812
106
556
84
330
699
969
734
347
196
275
586
795
742
518
639
146
331
717
29
567
250
221
111
822
316
120
312
686
582
532
836
497
255
394
701
421
613
421
-30
268
561
639
934
1
570
778
653
300
672
945
532
753
104
306
12
808
817
593
203
810
903
400
435
661
810
288
465
814
384
73
502
563
808
258
735
292
439
431
577
-20
300
655
104
673
920
332
460
230
712
77
365
214
408
789
953
146
597
668
728
466
107
736
822
327
421
902
560
272
336
712
43
832
-34
332
86
715
449
883
944
759
332
153
64
241
767
397
128
655
198
773
555
956
533
592
950
195
450
464
553
68
683
147
212
47
699
641
645
693
820
251
378
367
414
15
603
127
15
427
653
225
407
255
657
21
65
743
503
268
874
146
605
755
235
695
742
271
705
37
779
93
707
158
243
99
412
55
172
174
489
497
154
178
805
208
148
163
403
405
107
879
686
244
72
850
660
956
967
175
153
215
333
637
995
476
282
889
229
673
270
44
272
353
132
452
654
389
794
623
283
820
355
442
94
950
718
133
219
623
461
681
551
58
547
85
920
605
774
94
874
957
296
827
702
162
636
940
402
35
116
321
644
322
439
696
113
245
184
641
990
753
323
387
564
956
585
514
808
122
561
591
229
189
743
923
894
962
858
415
148
633
673
626
510
147
229
473
698
348
855
401
481
78
216
575
179
206
959
104
398
35
315
994
973
642
472
681
711
525
327
865
788
682
50
70
500
64
871
499
59
910
111
336
363
474
136
137
580
750
621
225
52
782
935
515
156
166
759
63
76
367
156
197
849
595
811
953
627
765
198
238
547
19
700
46
465
535
980
22
530
232
544
782
835
329
629
600
203
307
892
424
362
86
447
863
148
915
463
215
578
630
659
569
354
785
872
178
301
672
291
995
511
81
135
283
442
705
343
747
355
892
318
113
347
333
179
293
960
247
179
543
50
379
611
421
735
785
703
294
180
334
328
63
523
946
318
776
140
567
938
137
601
878
551
587
781
388
637
715
332
308
682
769
265
325
28
562
395
291
239
25
889
440
291
213
356
349
283
634
628
681
847
693
829
628
66
899
825
772
637
211
94
904
71
138
741
349
965
174
167
882
613
85
303
600
907
933
473
176
228
269
164
449
909
470
425
624
362
734
250
908
999
675
921
149
251
739
104
148
275
138
235
930
162
97
736
866
170
238
649
76
893
688
977
513
948
524
25
672
226
582
899
476
122
220
613
145
763
173
208
954
830
435
78
632
625
370
909
728
730
203
106
787
752
862
583
929
8
633
714
498
306
699
426
716
643
167
674
240
424
55
544
204
981
794
366
9
275
304
206
849
404
568
499
160
703
269
916
451
142
54
934
860
797
535
747
803
876
478
519
809
386
951
917
299
298
857
736
246
947
201
710
747
411
916
941
841
51
870
643
117
125
800
231
868
775
782
418
612
95
213
418
168
726
829
336
577
529
999
358
965
275
700
426
796
809
89
71
358
901
441
467
840
661
615
145
15
304
682
695
497
876
69
251
392
993
95
133
313
796
-52
848
249
87
578
382
672
1000
950
831
846
488
865
577
113
452
383
218
929
996
331
91
454
635
309
693
967
904
746
610
528
449
65
697
374
100
824
908
173
382
165
640
520
845
355
823
374
849
322
594
82
720
13
96
708
542
78
696
574
24
619
234
772
123
345
921
384
751
572
746
990
390
469
569
233
10
416
502
273
367
502
795
398
103
629
583
560
884
473
93
776
127
913
559
840
633
614
9
646
208
996
698
300
401
870
350
462
739
67
448
849
989
279
334
82
4
773
524
939
179
149
649
854
694
943
253
76
555
40
193
569
762
207
111
29
769
221
735
108
518
941
212
413
427
741
173
675
572
926
585
780
27
8
859
164
826
3
576
859
-56
707
721
152
342
274
348
569
925
477
372
560
179
65
122
791
400
933
305
443
487
536
145
733
508
958
600
986
816
176
185
230
909
719
279
204
176
221
195
683
681
140
376
322
89
591
860
293
637
803
173
825
655
517
397
411
186
353
997
444
567
101
311
238
346
507
119
694
428
24
965
316
474
824
293
262
164
804
235
476
174
733
429
105
639
645
577
47
696
694
687
368
590
284
765
204
301
532
67
294
408
768
155
509
51
163
651
257
186
458
426
923
451
958
219
987
505
709
959
296
894
808
647
365
607
171
940
529
242
473
301
815
805
148
825
13
705
773
770
438
327
126
102
958
17
924
904
800
520
246
277
469
810
327
497
585
166
983
590
241
354
135
785
471
593
278
457
786
823
220
560
644
767
456
522
641
324
600
474
763
638
750
206
68
812
788
313
670
164
686
160
23
440
318
111
587
261
978
726
810
305
336
172
906
121
85
587
794
54
851
120
855
123
515
658
313
839
937
106
581
225
923
573
91
139
672
765
-10
526
702
313
245
620
245
394
494
301
786
761
599
788
914
699
6
142
825
36
836
471
739
105
371
634
332
590
743
-28
956
8
646
683
359
603
285
65
711
75
488
641
489
580
186
132
463
836
105
270
584
762
760
474
28
314
133
744
13
883
287
409
323
649
83
761
581
249
716
142
572
244
874
347
232
944
802
723
675
629
359
872
984
230
925
658
142
917
518
169
353
290
756
794
560
33
306
666
831
280
945
729
321
941
911
901
16
228
450
333
730
720
195
832
390
45
359
792
133
154
167
86
969
316
248
990
957
252
448
399
-47
968
762
656
418
86
964
756
609
941
949
970
501
433
830
195
14
393
887
374
244
286
170
551
262
243
984
326
373
511
508
-2
164
650
625
535
262
955
577
406
589
942
216
12
749
796
972
742
80
862
297
439
829
807
982
315
498
423
754
310
279
901
715
611
686
585
915
653
960
508
721
538
303
491
737
570
669
231
979
73
43
125
825
864
48
64
806
675
178
282
796
931
85
216
102
792
970
584
664
397
653
274
789
687
514
310
158
6
434
937
430
861
193
131
-33
974
495
963
914
750
27
495
317
353
579
-31
82
362
562
333
702
865
478
851
867
584
153
818
691
54
209
875
692
627
445
874
961
831
976
885
439
744
173
202
807
859
10
672
453
955
636
209
796
944
229
544
555
807
906
80
895
180
613
734
660
344
407
462
648
764
964
960
545
599
271
382
972
758
284
529
749
470
163
704
22
429
420
139
734
305
88
645
252
684
333
609
521
417
555
919
685
500
587
955
602
739
256
842
566
222
916
265
790
296
661
18
932
56
210
210
127
785
235
654
821
471
523
455
196
544
30
701
618
59
569
484
689
130
26
876
366
137
403
863
858
913
269
173
144
67
290
832
696
468
142
514
608
137
868
538
336
216
124
242
905
299
496
315
256
786
889
300
834
48
272
879
819
119
290
677
854
20
404
691
146
866
117
447
12
590
277
28
459
552
461
662
960
434
115
898
587
453
229
903
621
875
908
394
593
620
213
305
341
685
836
753
173
429
279
338
831
290
352
91
754
796
453
656
567
351
583
914
52
415
256
287
270
565
233
17
944
827
814
290
563
892
275
624
461
571
735
166
79
154
195
259
919
443
884
842
896
855
734
531
385
682
430
579
55
438
232
780
775
-40
107
278
368
32
554
425
520
197
385
725
91
341
273
704
970
630
945
359
308
895
678
463
961
561
478
485
203
460
474
459
592
81
172
668
868
811
300
198
727
638
567
214
936
356
452
879
676
435
88
110
777
144
264
888
369
201
855
719
717
230
488
263
275
576
712
875
645
11
88
298
847
448
458
313
893
992
205
399
298
648
848
285
714
653
684
88
318
588
253
764
264
572
1000
586
239
215
943
958
488
145
33
18
275
209
137
415
685
869
911
426
443
469
470
227
775
781
589
586
918
7
388
66
41
331
271
575
8
766
322
820
667
167
691
458
218
36
238
310
829
748
428
37
130
-21
126
799
443
629
505
588
459
882
980
999
713
809
931
627
914
749
444
270
786
943
12
314
310
456
442
323
292
808
727
615
238
101
218
17
690
972
705
971
354
104
347
551
435
732
158
142
178
690
817
518
307
784
80
80
349
207
723
501
787
1000
85
250
240
298
725
505
424
322
572
980
28
680
23
239
636
376
111
739
846
-43
381
345
268
249
332
551
101
598
429
236
102
519
583
977
593
418
222
396
89
856
969
24
283
352
482
859
727
422
333
74
53
209
889
517
895
145
757
247
965
410
460
77
788
614
629
287
825
772
459
139
872
614
930
956
328
422
881
436
761
262
908
717
93
432
493
2
992
926
661
249
922
416
569
99
333
-33
396
186
528
263
897
751
807
924
888
525
892
91
73
86
925
739
8
540
691
632
54
642
838
255
59
41
454
907
19
682
905
401
2
67
494
294
133
95
346
801
437
479
42
639
877
436
793
589
162
888
336
295
859
922
621
338
856
387
395
532
51
240
474
787
526
380
497
888
444
218
55
39
624
704
250
837
462
187
222
573
263
659
839
203
573
504
574
705
-60
891
758
244
322
237
673
8
337
340
477
868
832
783
602
857
908
719
406
480
-17
463
774
215
594
902
665
367
106
60
21
645
166
37
581
833
193
288
319
167
36
684
612
245
851
829
533
996
3
794
777
58
969
329
720
482
746
902
314
378
920
876
405
165
552
87
81
532
620
529
134
435
736
810
54
885
456
375
166
646
784
669
521
980
229
494
845
38
504
281
528
586
919
-46
857
377
192
213
668
465
661
244
257
488
942
333
692
435
528
600
564
81
239
374
741
891
707
905
668
633
779
108
889
247
257
588
478
348
9
782
184
201
62
390
692
746
240
883
599
546
799
350
525
697
57
57
319
141
159
637
814
82
285
677
637
881
385
40
783
921
262
838
-13
571
86
655
219
641
51
778
220
616
737
413
237
90
288
409
249
259
417
816
224
21
393
695
283
918
541
516
986
536
454
733
659
280
561
970
129
958
86
825
778
912
99
753
537
865
824
537
234
469
705
433
66
412
758
314
961
749
323
85
418
823
511
193
305
793
554
267
321
65
821
425
310
392
468
396
749
392
352
586
749
557
429
601
56
770
473
446
909
637
548
792
368
77
354
443
92
419
197
862
802
522
532
-29
623
326
447
712
870
790
530
547
670
510
625
438
411
955
781
778
46
378
894
948
126
987
746
438
882
632
951
225
38
100
4
313
67
618
62
954
270
735
743
483
551
763
624
190
173
78
400
889
964
17
271
413
42
737
205
486
95
461
770
376
468
821
636
275
450
77
58
276
320
206
377
357
813
441
777
803
213
483
658
772
193
46
40
728
911
930
748
865
938
430
617
117
400
873
944
414
423
56
648
88
319
612
62
411
318
221
766
311
697
430
949
719
56
439
643
35
370
174
929
696
360
262
735
986
756
580
280
288
179
5
78
477
390
593
816
768
357
31
478
12
742
660
909
185
790
816
300
140
78
51
161
697
993
987
355
728
60
895
646
105
263
293
818
385
392
801
896
700
226
310
239
226
444
535
453
163
641
110
182
265
693
445
127
187
930
707
678
820
958
945
126
344
3
163
456
273
41
228
866
971
5
401
103
451
320
931
90
-31
198
571
29
658
376
505
24
25
415
10
754
219
858
60
831
894
780
804
138
273
769
931
973
285
609
510
841
127
781
507
647
801
34
308
643
740
341
897
259
877
674
429
404
812
237
334
736
384
529
767
241
373
359
453
150
995
829
431
839
21
69
26
559
706
291
821
981
678
568
280
645
155
705
45
242
772
427
307
45
618
328
30
741
256
516
482
983
198
475
157
204
893
216
777
188
32
584
330
910
365
277
332
382
399
947
911
172
530
964
173
653
632
281
194
630
209
142
781
53
292
426
171
266
931
548
336
162
379
360
462
157
878
235
157
31
385
294
20
422
447
731
29
522
680
278
551
21
556
169
536
708
966
267
138
246
536
873
210
122
12
518
320
940
190
864
857
177
645
497
196
761
744
202
435
987
163
341
694
89
721
269
656
831
215
135
40
804
908
931
550
927
153
511
861
514
947
88
155
702
172
321
187
991
93
508
454
958
960
702
342
803
560
83
117
227
689
784
760
787
223
257
652
700
697
778
559
715
799
464
113
393
670
649
737
850
11
631
401
379
274
337
582
362
625
845
956
614
99
938
560
731
524
772
349
951
392
942
864
611
586
690
818
619
382
563
177
618
533
483
628
571
768
223
345
289
344
407
496
620
595
262
503
935
426
567
979
485
619
82
253
587
820
437
690
156
890
238
828
478
424
819
55
28
435
86
156
405
18
758
336
568
590
950
702
813
734
223
554
303
749
837
868
61
969
17
631
832
9
463
110
220
668
173
223
522
417
978
669
64
538
557
998
693
941
705
590
35
524
93
549
709
195
758
484
623
141
8
643
77
598
875
484
458
258
932
506
528
37
306
996
454
832
888
690
329
525
914
559
783
836
398
-15
912
347
726
129
671
332
807
830
979
249
588
75
787
117
476
175
485
6
659
22
564
191
967
189
212
540
890
366
171
899
452
557
804
953
384
454
283
900
922
64
47
456
414
329
709
924
539
793
292
348
210
463
258
351
673
568
802
596
924
487
63
813
583
534
345
722
171
254
703
558
266
317
168
116
766
541
154
541
844
977
36
235
672
494
707
834
165
802
168
745
571
845
465
428
624
869
205
928
373
306
718
156
984
562
157
143
805
540
256
907
129
532
245
709
530
224
502
862
791
193
377
185
812
260
909
233
496
295
226
832
941
196
632
20
326
650
627
464
233
979
209
144
519
82
780
380
257
422
664
948
381
712
341
905
343
989
299
837
531
823
631
796
618
853
242
558
63
716
145
161
715
175
848
44
134
964
455
481
74
894
74
880
375
666
414
229
883
404
958
778
133
819
18
265
-41
647
991
88
250
208
96
313
909
725
851
572
881
950
829
704
247
86
792
211
825
524
482
15
25
317
667
212
376
224
158
149
770
864
646
719
751
886
353
38
480
434
31
633
224
929
477
329
146
640
57
10
183
628
984
89
366
749
959
922
305
866
380
709
818
230
921
301
521
200
479
651
554
728
806
180
831
176
401
687
672
311
382
593
458
241
898
296
431
600
34
834
603
30
873
690
762
511
546
140
26
877
612
688
600
300
493
19
24
652
35
815
85
161
327
839
804
68
824
586
482
813
288
145
976
267
23
892
438
421
224
314
56
217
770
231
530
372
396
486
617
52
172
748
912
845
91
448
597
628
652
168
129
946
183
979
54
468
309
905
996
860
119
851
840
944
174
652
642
494
116
434
275
917
708
238
223
413
244
830
71
105
494
764
-58
143
169
376
94
489
705
552
708
542
546
878
411
770
387
102
257
497
350
76
607
917
625
791
362
189
399
49
-49
304
628
640
103
357
235
347
970
796
536
726
654
388
556
159
731
328
995
678
894
331
270
277
598
621
245
666
62
330
508
928
941
914
907
207
320
888
900
591
433
363
346
335
720
953
389
421
553
417
579
663
429
652
40
381
77
639
406
126
803
85
748
320
313
430
904
338
289
989
189
899
340
787
756
233
495
298
111
505
698
343
269
430
623
591
402
905
734
797
765
560
935
971
767
209
649
793
57
813
4
543
337
571
965
895
512
937
979
185
59
171
131
536
622
604
905
382
127
164
94
813
498
491
276
197
490
696
39
201
248
807
468
31
8
788
299
6
306
712
994
64
238
547
921
767
112
519
700
679
18
397
932
335
371
163
210
326
365
600
883
328
520
769
511
873
187
134
489
613
894
555
914
589
680
528
196
987
301
888
463
184
297
630
559
538
808
707
605
383
902
408
923
984
271
160
810
535
918
172
377
389
182
82
951
570
862
800
859
801
767
603
49
585
835
296
487
429
479
323
957
443
419
813
679
53
57
242
24
659
800
630
231
599
926
432
45
569
443
348
26
102
599
940
401
979
734
152
949
997
125
318
948
334
274
141
376
700
370
719
608
625
682
895
797
440
750
337
1
870
193
181
186
836
813
33
943
780
615
273
956
975
939
661
407
701
687
825
415
205
705
557
948
396
133
489
499
974
340
628
130
253
112
449
173
433
801
511
427
367
-53
297
101
869
323
561
653
882
569
932
608
146
390
468
530
946
36
890
811
247
329
762
874
510
258
154
139
58
817
110
775
724
551
732
517
253
90
36
587
621
581
273
551
964
610
193
899
535
291
431
736
540
698
825
928
604
779
107
445
300
33
565
871
453
575
768
811
967
903
80
787
733
977
712
645
498
622
614
221
79
697
987
401
270
134
887
180
952
899
535
468
711
768
728
184
404
878
480
357
76
139
522
419
921
599
-46
789
487
17
759
29
340
702
950
512
138
802
429
443
212
675
962
615
246
577
397
489
798
694
201
91
634
956
603
360
926
366
138
312
386
558
578
659
944
196
-44
242
952
33
472
260
931
42
207
